#Design  TotInjTime   TotInjVol   TotSICost  TotInjCost     TotCost     %OptObj     RealObj
0            26.50     3480.00    73530.00   228562.50   302092.50       -1.00       -1.00
1            26.50     3480.00    73530.00   228562.50   302092.50       -1.00      192.84
2            26.50     3480.00    73530.00   228562.50   302092.50       -1.00       -1.00
3            26.50     3480.00    73530.00   228562.50   302092.50       -1.00       -1.00
4            26.50     3480.00    73530.00   228562.50   302092.50       -1.00       -1.00
5            26.50     3480.00    73530.00   228562.50   302092.50       -1.00       -1.00
6            26.50     3480.00    73530.00   228562.50   302092.50       -1.00       -1.00
7            26.50     3480.00    73530.00   228562.50   302092.50       -1.00       -1.00
8            26.50     3480.00    73530.00   228562.50   302092.50       -1.00       -1.00
9            26.50     3480.00    73530.00   228562.50   302092.50       -1.00       -1.00
10           26.50     3480.00    73530.00   228562.50   302092.50       -1.00      192.84
11           26.50     3480.00    73530.00   228562.50   302092.50       -1.00       -1.00
12           26.50     3480.00    73530.00   228562.50   302092.50       -1.00       -1.00
13           26.50     3480.00    73530.00   228562.50   302092.50       -1.00       -1.00
14           26.50     3480.00    73530.00   228562.50   302092.50       -1.00       -1.00
15           26.50     3480.00    73530.00   228562.50   302092.50       -1.00       -1.00
16           26.50     3480.00    73530.00   228562.50   302092.50       -1.00       -1.00
17           26.50     3480.00    73530.00   228562.50   302092.50       -1.00       -1.00
18           26.50     3480.00    73530.00   228562.50   302092.50       -1.00       -1.00
19           26.50     3480.00    73530.00   228562.50   302092.50       -1.00       -1.00
20           26.50     3480.00    73530.00   228562.50   302092.50       -1.00      192.84
21           26.50     3480.00    73530.00   228562.50   302092.50       -1.00       -1.00
22           26.50     3480.00    73530.00   228562.50   302092.50       -1.00       -1.00
23           26.50     3480.00    73530.00   228562.50   302092.50       -1.00       -1.00
24           26.50     3480.00    73530.00   228562.50   302092.50       -1.00       -1.00
25           26.50     3480.00    73530.00   228562.50   302092.50       -1.00       -1.00
26           26.50     3480.00    73530.00   228562.50   302092.50       -1.00       -1.00
27           26.50     3480.00    73530.00   228562.50   302092.50       -1.00       -1.00
28           26.50     3480.00    73530.00   228562.50   302092.50       -1.00       -1.00
29           26.50     3480.00    73530.00   228562.50   302092.50       -1.00       -1.00
30           26.50     3480.00    73530.00   228562.50   302092.50       -1.00       -1.00
31           26.50     3480.00    73530.00   228562.50   302092.50       -1.00       -1.00
32           26.50     3480.00    73530.00   228562.50   302092.50       -1.00       -1.00
33           26.50     3480.00    73530.00   228562.50   302092.50       -1.00       -1.00
34           26.50     3480.00    73530.00   228562.50   302092.50       -1.00       -1.00
35           26.50     3480.00    73530.00   228562.50   302092.50       -1.00       -1.00
36           26.50     3480.00    73530.00   228562.50   302092.50       -1.00       -1.00
37           26.50     3480.00    73530.00   228562.50   302092.50       -1.00       -1.00
38           26.50     3480.00    73530.00   228562.50   302092.50       -1.00       -1.00
39           26.50     3480.00    73530.00   228562.50   302092.50       -1.00       -1.00
40           26.50     3480.00    73530.00   228562.50   302092.50       -1.00       -1.00
41           26.50     3480.00    73530.00   228562.50   302092.50       -1.00       -1.00
42           26.50     3480.00    73530.00   228562.50   302092.50       -1.00       -1.00
43           26.50     3480.00    73530.00   228562.50   302092.50       -1.00      192.84
44           26.50     3480.00    73530.00   228562.50   302092.50       -1.00       -1.00
45           26.50     3480.00    73530.00   228562.50   302092.50       -1.00       -1.00
46           26.50     3480.00    73530.00   228562.50   302092.50       -1.00       -1.00
47           26.50     3480.00    73530.00   228562.50   302092.50       -1.00       -1.00
48           26.50     3480.00    73530.00   228562.50   302092.50       -1.00       -1.00
49           26.50     3480.00    73530.00   228562.50   302092.50       -1.00       -1.00
50           26.50     3480.00    73530.00   228562.50   302092.50       -1.00       -1.00
51           26.50     3480.00    73530.00   228562.50   302092.50       -1.00       -1.00
52           26.50     3480.00    73530.00   228562.50   302092.50       -1.00       -1.00
53           26.50     3480.00    73530.00   228562.50   302092.50       -1.00       -1.00
54           26.50     3480.00    73530.00   228562.50   302092.50       -1.00       -1.00
55           26.50     3480.00    73530.00   228562.50   302092.50       -1.00       -1.00
56           26.50     3480.00    73530.00   228562.50   302092.50       -1.00       -1.00
57           26.50     3480.00    73530.00   228562.50   302092.50       -1.00       -1.00
58           26.50     3480.00    73530.00   228562.50   302092.50       -1.00       -1.00
59           26.50     3480.00    73530.00   228562.50   302092.50       -1.00       -1.00
60           26.50     3480.00    73530.00   228562.50   302092.50       -1.00       -1.00
61           26.50     3480.00    73530.00   228562.50   302092.50       -1.00       -1.00
62           26.50     3480.00    73530.00   228562.50   302092.50       -1.00       -1.00
63           26.50     3480.00    73530.00   228562.50   302092.50       -1.00      192.84
64           26.50     3480.00    73530.00   228562.50   302092.50       -1.00       -1.00
65           26.50     3480.00    73530.00   228562.50   302092.50       -1.00       -1.00
66           26.50     3480.00    73530.00   228562.50   302092.50       -1.00       -1.00
67           26.50     3480.00    73530.00   228562.50   302092.50       -1.00       -1.00
68           26.50     3480.00    73530.00   228562.50   302092.50       -1.00       -1.00
69           26.50     3480.00    73530.00   228562.50   302092.50       -1.00       -1.00
70           26.50     3480.00    73530.00   228562.50   302092.50       -1.00       -1.00
71           26.50     3480.00    73530.00   228562.50   302092.50       -1.00       -1.00
72           26.50     3480.00    73530.00   228562.50   302092.50       -1.00       -1.00
73           26.50     3480.00    73530.00   228562.50   302092.50       -1.00       -1.00
74           26.50     3480.00    73530.00   228562.50   302092.50       -1.00       -1.00
75           26.50     3480.00    73530.00   228562.50   302092.50       -1.00       -1.00
76           26.50     3480.00    73530.00   228562.50   302092.50       -1.00       -1.00
77           26.50     3480.00    73530.00   228562.50   302092.50       -1.00       -1.00
78           26.50     3480.00    73530.00   228562.50   302092.50       -1.00       -1.00
79           26.50     3480.00    73530.00   228562.50   302092.50       -1.00       -1.00
80           26.50     3480.00    73530.00   228562.50   302092.50       -1.00       -1.00
81           26.50     3480.00    73530.00   228562.50   302092.50       -1.00       -1.00
82           26.50     3480.00    73530.00   228562.50   302092.50       -1.00       -1.00
83           26.50     3480.00    73530.00   228562.50   302092.50       -1.00      192.84
84           26.50     3480.00    73530.00   228562.50   302092.50       -1.00       -1.00
85           26.50     3480.00    73530.00   228562.50   302092.50       -1.00       -1.00
86           26.50     3480.00    73530.00   228562.50   302092.50       -1.00       -1.00
87           26.50     3480.00    73530.00   228562.50   302092.50       -1.00       -1.00
88           26.50     3480.00    73530.00   228562.50   302092.50       -1.00       -1.00
89           26.50     3480.00    73530.00   228562.50   302092.50       -1.00       -1.00
90           26.50     3480.00    73530.00   228562.50   302092.50       -1.00       -1.00
91           26.50     3480.00    73530.00   228562.50   302092.50       -1.00       -1.00
92           26.50     3480.00    73530.00   228562.50   302092.50       -1.00       -1.00
93           26.50     3480.00    73530.00   228562.50   302092.50       -1.00       -1.00
94           26.50     3480.00    73530.00   228562.50   302092.50       -1.00       -1.00
95           26.50     3480.00    73530.00   228562.50   302092.50       -1.00       -1.00
96           26.50     3480.00    73530.00   228562.50   302092.50       -1.00       -1.00
97           26.50     3480.00    73530.00   228562.50   302092.50       -1.00       -1.00
98           26.50     3480.00    73530.00   228562.50   302092.50       -1.00       -1.00
99           26.50     3480.00    73530.00   228562.50   302092.50       -1.00       -1.00
