Time/Vol      0.0010 Conc Adso/ppt Temp
Layer 1
     8.8021      0.3637      0.0098      0.0002      0.0000      0.0000      0.0000      0.0000      0.0000      0.0000      0.0000      0.0000      0.0000      0.0000      0.0000 
Time/Vol      0.0020 Conc Adso/ppt Temp
Layer 1
    16.8294      1.0440      0.0377      0.0009      0.0000      0.0000      0.0000      0.0000      0.0000      0.0000      0.0000      0.0000      0.0000      0.0000      0.0000 
Time/Vol      0.0030 Conc Adso/ppt Temp
Layer 1
    24.1501      1.9986      0.0907      0.0027      0.0001      0.0000      0.0000      0.0000      0.0000      0.0000      0.0000      0.0000      0.0000      0.0000      0.0000 
Time/Vol      0.0040 Conc Adso/ppt Temp
Layer 1
    30.8265      3.1897      0.1743      0.0062      0.0002      0.0000      0.0000      0.0000      0.0000      0.0000      0.0000      0.0000      0.0000      0.0000      0.0000 
Time/Vol      0.0050 Conc Adso/ppt Temp
Layer 1
    36.9152      4.5831      0.2933      0.0119      0.0003      0.0000      0.0000      0.0000      0.0000      0.0000      0.0000      0.0000      0.0000      0.0000      0.0000 
Time/Vol      0.0060 Conc Adso/ppt Temp
Layer 1
    42.4680      6.1483      0.4514      0.0207      0.0007      0.0000      0.0000      0.0000      0.0000      0.0000      0.0000      0.0000      0.0000      0.0000      0.0000 
Time/Vol      0.0070 Conc Adso/ppt Temp
Layer 1
    47.5320      7.8581      0.6513      0.0334      0.0012      0.0000      0.0000      0.0000      0.0000      0.0000      0.0000      0.0000      0.0000      0.0000      0.0000 
Time/Vol      0.0080 Conc Adso/ppt Temp
Layer 1
    52.1502      9.6881      0.8952      0.0507      0.0020      0.0001      0.0000      0.0000      0.0000      0.0000      0.0000      0.0000      0.0000      0.0000      0.0000 
Time/Vol      0.0090 Conc Adso/ppt Temp
Layer 1
    56.3620     11.6164      1.1846      0.0734      0.0031      0.0001      0.0000      0.0000      0.0000      0.0000      0.0000      0.0000      0.0000      0.0000      0.0000 
Time/Vol      0.0100 Conc Adso/ppt Temp
Layer 1
    60.2031     13.6238      1.5204      0.1024      0.0047      0.0002      0.0000      0.0000      0.0000      0.0000      0.0000      0.0000      0.0000      0.0000      0.0000 
Time/Vol      0.0110 Conc Adso/ppt Temp
Layer 1
    63.7060     15.6930      1.9030      0.1385      0.0068      0.0002      0.0000      0.0000      0.0000      0.0000      0.0000      0.0000      0.0000      0.0000      0.0000 
Time/Vol      0.0120 Conc Adso/ppt Temp
Layer 1
    66.9006     17.8087      2.3323      0.1825      0.0096      0.0004      0.0000      0.0000      0.0000      0.0000      0.0000      0.0000      0.0000      0.0000      0.0000 
Time/Vol      0.0130 Conc Adso/ppt Temp
Layer 1
    69.8141     19.9574      2.8081      0.2351      0.0132      0.0005      0.0000      0.0000      0.0000      0.0000      0.0000      0.0000      0.0000      0.0000      0.0000 
Time/Vol      0.0140 Conc Adso/ppt Temp
Layer 1
    72.4711     22.1270      3.3295      0.2971      0.0178      0.0008      0.0000      0.0000      0.0000      0.0000      0.0000      0.0000      0.0000      0.0000      0.0000 
Time/Vol      0.0150 Conc Adso/ppt Temp
Layer 1
    74.8942     24.3071      3.8958      0.3692      0.0234      0.0011      0.0000      0.0000      0.0000      0.0000      0.0000      0.0000      0.0000      0.0000      0.0000 
Time/Vol      0.0160 Conc Adso/ppt Temp
Layer 1
    77.1040     26.4885      4.5056      0.4522      0.0302      0.0015      0.0001      0.0000      0.0000      0.0000      0.0000      0.0000      0.0000      0.0000      0.0000 
Time/Vol      0.0170 Conc Adso/ppt Temp
Layer 1
    79.1193     28.6630      5.1577      0.5465      0.0384      0.0019      0.0001      0.0000      0.0000      0.0000      0.0000      0.0000      0.0000      0.0000      0.0000 
Time/Vol      0.0180 Conc Adso/ppt Temp
Layer 1
    80.9573     30.8236      5.8505      0.6528      0.0482      0.0026      0.0001      0.0000      0.0000      0.0000      0.0000      0.0000      0.0000      0.0000      0.0000 
Time/Vol      0.0190 Conc Adso/ppt Temp
Layer 1
    82.6324     32.9641      6.5824      0.7716      0.0597      0.0033      0.0001      0.0000      0.0000      0.0000      0.0000      0.0000      0.0000      0.0000      0.0000 
Time/Vol      0.0200 Conc Adso/ppt Temp
Layer 1
    84.1594     35.0793      7.3516      0.9035      0.0732      0.0042      0.0002      0.0000      0.0000      0.0000      0.0000      0.0000      0.0000      0.0000      0.0000 
Time/Vol      0.0210 Conc Adso/ppt Temp
Layer 1
    85.5515     37.1646      8.1563      1.0489      0.0888      0.0054      0.0002      0.0000      0.0000      0.0000      0.0000      0.0000      0.0000      0.0000      0.0000 
Time/Vol      0.0220 Conc Adso/ppt Temp
Layer 1
    86.8206     39.2161      8.9947      1.2082      0.1066      0.0067      0.0003      0.0000      0.0000      0.0000      0.0000      0.0000      0.0000      0.0000      0.0000 
Time/Vol      0.0230 Conc Adso/ppt Temp
Layer 1
    87.9775     41.2308      9.8649      1.3817      0.1269      0.0083      0.0004      0.0000      0.0000      0.0000      0.0000      0.0000      0.0000      0.0000      0.0000 
Time/Vol      0.0240 Conc Adso/ppt Temp
Layer 1
    89.0321     43.2057     10.7649      1.5698      0.1499      0.0102      0.0005      0.0000      0.0000      0.0000      0.0000      0.0000      0.0000      0.0000      0.0000 
Time/Vol      0.0250 Conc Adso/ppt Temp
Layer 1
    90.0119     45.1395     11.6927      1.7727      0.1758      0.0124      0.0007      0.0000      0.0000      0.0000      0.0000      0.0000      0.0000      0.0000      0.0000 
Time/Vol      0.0260 Conc Adso/ppt Temp
Layer 1
    90.8911     47.0298     12.6466      1.9906      0.2047      0.0149      0.0008      0.0000      0.0000      0.0000      0.0000      0.0000      0.0000      0.0000      0.0000 
Time/Vol      0.0270 Conc Adso/ppt Temp
Layer 1
    91.6928     48.8751     13.6245      2.2238      0.2369      0.0178      0.0010      0.0000      0.0000      0.0000      0.0000      0.0000      0.0000      0.0000      0.0000 
Time/Vol      0.0280 Conc Adso/ppt Temp
Layer 1
    92.4240     50.6744     14.6246      2.4724      0.2725      0.0212      0.0012      0.0001      0.0000      0.0000      0.0000      0.0000      0.0000      0.0000      0.0000 
Time/Vol      0.0290 Conc Adso/ppt Temp
Layer 1
    93.0909     52.4268     15.6450      2.7364      0.3118      0.0251      0.0015      0.0001      0.0000      0.0000      0.0000      0.0000      0.0000      0.0000      0.0000 
Time/Vol      0.0300 Conc Adso/ppt Temp
Layer 1
    93.6990     54.1320     16.6839      3.0160      0.3549      0.0294      0.0018      0.0001      0.0000      0.0000      0.0000      0.0000      0.0000      0.0000      0.0000 
Time/Vol      0.0310 Conc Adso/ppt Temp
Layer 1
    94.2536     55.7897     17.7395      3.3111      0.4021      0.0343      0.0022      0.0001      0.0000      0.0000      0.0000      0.0000      0.0000      0.0000      0.0000 
Time/Vol      0.0320 Conc Adso/ppt Temp
Layer 1
    94.7594     57.3998     18.8100      3.6218      0.4534      0.0399      0.0026      0.0001      0.0000      0.0000      0.0000      0.0000      0.0000      0.0000      0.0000 
Time/Vol      0.0330 Conc Adso/ppt Temp
Layer 1
    95.2207     58.9624     19.8938      3.9480      0.5091      0.0461      0.0031      0.0002      0.0000      0.0000      0.0000      0.0000      0.0000      0.0000      0.0000 
Time/Vol      0.0340 Conc Adso/ppt Temp
Layer 1
    95.6414     60.4778     20.9893      4.2895      0.5693      0.0530      0.0037      0.0002      0.0000      0.0000      0.0000      0.0000      0.0000      0.0000      0.0000 
