NIso
61 
Ciso(ppm)    ADiso(mg/L rock)
0.498600 44.383100 
0.812000 64.543200 
1.217000 83.196600 
1.732000 101.262900 
3.300000 142.669800 
4.355400 163.539000 
4.682600 169.827500 
4.845300 172.468800 
5.615200 184.588100 
6.001100 191.885700 
6.474000 197.682400 
6.905300 204.045100 
7.212400 209.670700 
7.820300 217.436600 
8.136700 221.603800 
8.201000 222.489000 
8.569000 227.030900 
8.623000 227.641100 
9.929500 243.040100 
10.958000 253.553300 
12.424600 268.665200 
13.389500 277.405200 
13.393400 277.441100 
16.359400 304.763100 
17.028800 311.186700 
17.850700 316.811300 
18.704000 324.285900 
19.416100 328.704000 
20.884300 336.072100 
22.183000 343.675900 
27.184100 370.484100 
28.153300 375.200300 
33.464500 398.419800 
40.442700 425.477400 
44.901000 440.560300 
55.562200 471.357600 
70.235900 506.492000 
88.168700 545.906700 
95.594600 555.794500 
99.126900 560.236000 
101.889900 566.635800 
107.937700 571.499700 
115.484800 579.310300 
117.025400 580.790500 
119.246200 584.041700 
128.209600 590.706600 
142.475000 602.296700 
156.380300 612.563200 
170.485600 621.931400 
190.296400 633.619900 
201.440600 639.368700 
236.378100 654.800700 
274.406700 668.778100 
366.732700 695.866400 
516.406700 728.681700 
779.963000 766.921800 
950.043900 783.927100 
1354.934300 817.191200 
1932.381100 853.320400 
2291.228100 868.865100 
3930.446200 907.763600 
